Khan/khan-exercises  0.5080943703651428 10.147286821705427 0.32608870967741943 2.303443526170799
SignalR/SignalR  0.3815886080265045 6.653846153846154 0.28697324146771347 1.9900332225913622
mono/MonoGame  0.5753556489944458 11.219696969696969 0.23417164516650596 2.089960886571056
scikit-learn/scikit-learn  0.6474194526672363 25.85635359116022 0.21839078246715676 1.9301685586515307
h5bp/html5-boilerplate  0.6037348508834839 22.11392405063291 0.2477158580130224 2.0005369127516777
bundler/bundler  0.7637051343917847 121.37269372693727 0.09487999441164083 1.5543915969699529
pyrocms/pyrocms  0.6216910481452942 23.14354066985646 0.2677677957652897 2.066655872193437
cucumber/cucumber  0.6288301348686218 58.396694214876035 0.17548478768717068 1.8097929905266852
saltstack/salt  0.5402049422264099 28.10362694300518 0.29493434109624617 2.2005410997055783
composer/composer  0.8172310590744019 85.35111111111111 0.085101000520819 1.6340086483023704
EightMedia/hammer.js  0.05490196496248245 1.8235294117647058 0.3288888888888889 2.358974358974359
gollum/gollum  0.6063752770423889 21.537634408602152 0.22533734731534766 1.9172161172161173
netty/netty  0.5461887717247009 8.405405405405405 0.3162820766695011 2.056728778467909
Modernizr/Modernizr  0.6126479506492615 24.504587155963304 0.1678756917837378 1.8317757009345794
refinery/refinerycms  0.6776040196418762 64.3076923076923 0.20051859882805698 1.8455370985603543
ajaxorg/cloud9  0.4366733133792877 9.685714285714285 0.15835133675398327 1.9824915824915825
mozilla/pdf.js  0.6708822846412659 14.045454545454545 0.2747251643535428 1.9822102425876011
boto/boto  0.43218111991882324 15.70863309352518 0.3326080664810991 2.39220475075276
arduino/Arduino  0.08032310009002686 2.128205128205128 0.4324845679012346 2.617737003058104
emberjs/ember.js  0.7186166644096375 77.58222222222223 0.15162975498913234 1.6636089577950044
yiisoft/yii  0.61433345079422 16.928994082840237 0.26013518452003076 2.0248138957816377
mongoid/mongoid  0.6829140782356262 79.40671641791045 0.16120220281229444 1.7355917043993516
github/android  0.5894885063171387 16.474358974358974 0.23533338823875877 1.9150849150849152
angular-ui/bootstrap  0.6766083836555481 13.627450980392156 0.1537180200983927 1.7542857142857142


// random
khan-exercises 0.07407806068658829 9.720930232558139 0.2815735207474119 2.3786337209302326
SignalR 0.12671495974063873 6.346153846153846 0.3091149052758195 2.28657616892911
MonoGame 0.07596797496080399 10.803030303030303 0.25845416362308254 2.296090677770067
scikit-learn 0.13580209016799927 23.977900552486187 0.17360289283366204 1.8986494782074892
html5-boilerplate 0.12619343400001526 20.430379746835442 0.18509316322461694 1.9305006853180682
bundler 0.3611178994178772 97.7269372693727 0.07498943435382162 1.6380483804838049
pyrocms 0.10546930879354477 21.54066985645933 0.18189459601650426 1.9888203901361796
cucumber 0.2159944474697113 52.13223140495868 0.10561687630972666 1.7837179794931586
salt 0.07016842812299728 27.077720207253886 0.1612891784084284 2.068259201937958
composer 0.31431844830513 70.78222222222222 0.08787193865091199 1.6840079365079366
hammer.js 0.045098040252923965 1.7647058823529411 0.3444444444444444 2.4871794871794872
gollum 0.21389324963092804 18.989247311827956 0.1779304611472444 1.8092566619915849
netty 0.08893568813800812 8.18918918918919 0.2790810682271689 2.2442922374429224
Modernizrv 0.20486100018024445 21.926605504587155 0.1749706125769754 1.8056405028882092
refinerycms 0.18624867498874664 57.96153846153846 0.10413257520114261 1.8136284936928024
cloud9 0.14680662751197815 9.028571428571428 0.27211736758294824 2.151552795031056
pdf.jsv 0.11549898236989975 13.145454545454545 0.2282284423742919 2.0582151793160968
boto 0.056814081966876984 15.287769784172662 0.22339501780404908 2.3528556216398724
Arduino 0.0 2.1025641025641026 0.5080309339678762 3.4153225806451615
ember.js 0.29249751567840576 65.5111111111111 0.0966306813790189 1.7075396825396825
yii 0.09260258823633194 15.893491124260356 0.2088953005036921 2.10087348548887
mongoid 0.2589349150657654 68.80597014925372 0.09475831554921138 1.7422997372687126
android 0.19055242836475372 14.794871794871796 0.19955042167680823 1.8454878454878454
bootstrap 0.2362441122531891 12.0 0.2270179139433099 1.7968627450980392
